height: 1080
width: 1920
distortion_model: "plumb_bob"
D: [0.0, 0.0, 0.0, 0.0, 0.0]
K: [1387.940673828125, 0.0, 961.0341796875, 0.0, 1388.0250244140625, 548.2564086914062, 0.0, 0.0, 1.0]
R: [1.0, 0.0, 0.0, 0.0, 1.0, 0.0, 0.0, 0.0, 1.0]
P: [1387.940673828125, 0.0, 961.0341796875, 0.0, 0.0, 1388.0250244140625, 548.2564086914062, 0.0, 0.0, 0.0, 1.0, 0.0]
binning_x: 0
binning_y: 0
roi: 
  x_offset: 0
  y_offset: 0
  height: 0
  width: 0
  do_rectify: False

